
x2 = [20.7742   30.1246   47.0923   23.0488   84.4309   19.4764   22.5922   17.0708   22.7664   43.5699   31.1102   92.3381   43.0207 18.4816   90.4881   97.9748   43.8870   11.1119   25.8065   40.8722   19.4764   22.5922   17.0708   22.7664   43.5699   31.1102 92.3381   43.0207   18.4816   90.4881   43.8870   11.1119];
hla8 = [    0.0322
    0.0126
   -0.0992
   -0.2979
    0.8037
   -0.4976
   -0.0296
    0.0758];

gla8 = [   -0.0758
   -0.0296
    0.4976
    0.8037
    0.2979
   -0.0992
   -0.0126
    0.0322];


hhaar = [0.7071067811865475 -0.7071067811865475];
ghaar = [0.7071067811865475, 0.7071067811865475];

############## DWT - periodic extension ###################

ca = 48.0092   69.3846   47.9062   25.8770   49.9346   93.4216   58.3207  125.8497   21.8956   49.7650   24.4554   35.9726 79.5098   62.3726   93.7362   20.0565

cd = 6.0903    8.8165   50.1825    1.9207   -2.9064  -24.6856  -20.8244   36.6854  -19.4859    8.0653  -11.3402   -2.7394 7.6053   47.0718  -37.4295  -10.5161

x2smooth =  37.5599   44.9437   50.2297   41.9414   32.3992   22.4884   16.8012   24.8712   36.3427   56.6153   69.2364   46.6821 35.4877   77.1598   97.7201   43.8789    5.5181   27.8463   41.1526   23.9914   14.3584   18.5313   25.7341   45.2443 59.2748   47.1641   40.6252   62.7018   71.1149   33.4791    7.4081   23.4238

x2back =  38.2524   50.8911   44.4079   43.9307   13.5486   62.2750   -8.1102   24.4230   39.7455   56.0009   77.9196   30.1754  54.2168   56.8873   95.0370   76.1720   -8.4085    9.9344   51.0840   32.0870   12.2118    9.6951   32.9003   44.1396  58.1058   47.4828   22.1389  103.6827   59.2863    3.2430   32.8106   15.7597




########### MODWT - periodic extension ################3

ca =

  Columns 1 through 13

   49.6214   42.9552   29.3044   31.8936   45.8306   52.9621   69.6961   78.0718   47.9041   21.3281   25.8765   37.3796   49.9341

  Columns 14 through 26

   79.5100   93.4266   58.2707   58.3184  120.4154  125.8526   58.2994   21.8920   39.4278   49.7675   35.5531   24.4558   26.5144

  Columns 27 through 39

   35.9760   49.9341   79.5100   93.4266   62.3687   62.4046   94.4716   64.7008   11.5513   25.0985   81.0649   86.8983   53.9849


cd =

  Columns 1 through 13

  -38.4392   15.5524    0.1404   -5.7833   -1.5996    0.9195    9.5487  -30.4736   50.1837  -30.2077    1.9186    0.5613   -2.9047

  Columns 14 through 26

    7.6052  -24.6814   48.8182  -20.8267  -42.6953   36.6877   23.8970  -19.4893  -19.7241    8.0630   15.9106  -11.3398    3.4185

  Columns 27 through 39

   -2.7389   -2.9047    7.6052  -24.6814   47.0753  -22.5645  -37.7418   56.6328   -7.9864  -20.1175  -11.4742    7.4713   43.7953


x_test =

  Columns 1 through 13

   31.4299   41.4040   51.8010   49.9747   31.3325   16.2392   17.3782   26.4800   41.1786   57.8881   56.1632   41.6325   53.6702

  Columns 14 through 26

   84.4981   79.4419   39.7467   19.1431   28.2893   33.9253   24.8740   16.9305   18.0545   25.4776   40.5639   57.7886   58.1242

  Columns 27 through 32

   46.9744   52.1447   59.8334   37.5183   11.9544   25.8439

>> 
